0.37275850050046144
0.3727220696202654
0.3726125134138694
0.3724299946858098
0.3721742965544235
0.37184488963289214
0.3714413955928048
0.37096333512342183
0.37041047735240334
0.3697820322461742
0.36907697236303666
0.36829483803695845
0.36743460093378116
0.3664951666622355
0.3654752958285771
0.36437397291564205
0.36318995184829417
0.3619216816440506
0.3605677608818038
0.3591262203765896
0.3575957929394599
0.35597417441747403
0.35425939007153584
0.35244944361717584
0.3505422967374527
0.34853500328935827
0.3464259953259999
0.3442114771078743
0.34188907074189057
0.3394559992203672
0.3369087688168623
0.3342447009367528
0.33145947550094423
0.32854996388107666
0.325512608618493
0.3223425245018299
0.319035963299984
0.3155885114632536
0.3119957677855972
0.3082520351892234
0.3043533994923342
0.30029405629109845
0.2960686359247649
0.29167160559498007
0.2870964521537322
0.28233750992477064
0.2773883078721822
0.2722424654056147
0.26689312166213863
0.2613329613405053
0.2555561609497
0.24955459040326314
0.2433217496988138
0.23684997017548942
0.2301327429037604
0.22316313901377663
0.21593417193296854
0.2084409089956352
0.20067792454827063
0.1926411584003447
0.18432742168928298
0.17573636708198123
0.16686965166181544
0.15773131889413372
0.14833197350726626
0.13868468285154692
0.12880800779949483
0.11873233901576229
0.10849730559135197
0.09814969188805303
0.08775954030941731
0.07740308333173612
0.06718533485569832
0.05722186902034416
0.04765418600257852
0.03863471151973224
0.030329154644214533
0.02414248386778129
0.01738682177307548
0.011803613541614069
