0.37655651867822415
0.3766005192062305
0.3705724468693624
0.37730452765433187
0.37620451445417347
0.36700840410084923
0.37426849122189465
0.3721124653495842
0.36885642627711535
0.37413648963787566
0.373784485413825
0.3725964711576539
0.3702644431733181
0.37180446165353986
0.3659523914286971
0.363972367668412
0.368812425749109
0.3596603159237911
0.36436837242046904
0.3615523386280635
0.3602763233158798
0.3608923307079685
0.3562722752673032
0.3460641527698332
0.3542922515070181
0.3494521934263211
0.3467241606899283
0.3467241606899283
0.3447441369296432
0.33695604347252167
0.34034408412900957
0.3395520746248955
0.32863994367932414
0.3274519294231531
0.3288159457913495
0.3186958243498922
0.31816781801381616
0.3119637435649228
0.30545166541998503
0.30342764113169357
0.30914770977251727
0.30135961631539576
0.2988075856910283
0.2873674484093809
0.2847714172570071
0.28059136709640514
0.2765873190478286
0.27619131429577154
0.2697672372068465
0.26175914110969334
0.25718308619703434
0.2518150217802614
0.24772297267567212
0.23579882958595502
0.22884674616095393
0.22145465745588946
0.2150305803669644
0.20785849430193162
0.1987943855326264
0.19597835174022088
0.1857262287147446
0.17481409776917323
0.17094205130461565
0.1534298411580939
0.1489417873014476
0.13820565846790162
0.12909754917059005
0.12029744356932283
0.1112333348000176
0.09935319223830685
0.08615303383640603
0.07722092665111982
0.06762881154573855
0.05715668588023056
0.048576582918995026
0.03823645883750605
0.029304351652219826
0.024068288819465832
0.017908214898578783
0.011352136225634708
